A1 = [[ 2.97137405e+01  2.51358008e+00  2.92714556e+00 -3.54286220e-02]
 [ 2.51358008e+00  2.01702877e+00  1.67916095e+00  5.95553521e-03]
 [ 2.92714556e+00  1.67916095e+00  3.25580795e+00 -7.23918620e-02]
 [-3.54286220e-02  5.95553521e-03 -7.23918620e-02  1.34228188e-02]]
A2 = [[ 3.02792681e+01  4.78655833e-01  1.40431817e-01  1.20208292e-05]
 [ 4.78655833e-01  3.58355697e+00  8.82068615e-01 -4.13668005e-05]
 [ 1.40431817e-01  8.82068615e-01  1.12702451e+00  5.68675106e-04]
 [ 1.20208291e-05 -4.13668005e-05  5.68675106e-04  1.01504216e-02]]
A3 = [[ 3.02885326e+01  6.34086474e-02  4.09720997e-03 -4.02901067e-09]
 [ 6.34086474e-02  3.84336340e+00  2.11055028e-01  1.14620263e-07]
 [ 4.09720997e-03  2.11055028e-01  8.57953961e-01 -6.67788955e-06]
 [-4.02900990e-09  1.14620262e-07 -6.67788955e-06  1.01500485e-02]]
A4 = [[ 3.02886829e+01  8.09270898e-03  1.14317418e-04  1.35093813e-12]
 [ 8.09270898e-03  3.85734760e+00  4.63372075e-02 -3.02285612e-10]
 [ 1.14317418e-04  4.63372075e-02  8.43819481e-01  8.02976607e-08]
 [ 1.35016628e-12 -3.02284734e-10  8.02976625e-08  1.01500484e-02]]
A5 = [[ 3.02886853e+01  1.03091573e-03  3.18246500e-06 -1.22406456e-15]
 [ 1.03091573e-03  3.85802347e+00  1.01284110e-02  7.96262240e-13]
 [ 3.18246500e-06  1.01284110e-02  8.43141176e-01 -9.66634996e-10]
 [-4.52454558e-16  7.95362408e-13 -9.66636780e-10  1.01500484e-02]]
A6 = [[ 3.02886853e+01  1.31314713e-04  8.85866562e-08  7.71730811e-16]
 [ 1.31314713e-04  3.85805583e+00  2.21340078e-03 -2.99704539e-15]
 [ 8.85866581e-08  2.21340078e-03  8.43108775e-01  1.16353907e-11]
 [ 1.51622152e-19 -2.09250655e-15  1.16371723e-11  1.01500484e-02]]
A7 = [[ 3.02886853e+01  1.67263720e-05  2.46587146e-09 -7.71575313e-16]
 [ 1.67263719e-05  3.85805738e+00  4.83698079e-04  9.11069291e-16]
 [ 2.46587342e-09  4.83698079e-04  8.43107227e-01 -1.38317157e-13]
 [-5.08101348e-23  5.50511453e-18 -1.40098263e-13  1.01500484e-02]]
A8 = [[ 3.02886853e+01  2.13054162e-06  6.86373901e-11  7.71574762e-16]
 [ 2.13054162e-06  3.85805745e+00  1.05703278e-04 -9.05802382e-16]
 [ 6.86393454e-11  1.05703278e-04  8.43107154e-01 -9.43689703e-17]
 [ 1.70269961e-26 -1.44832420e-20  1.68662327e-15  1.01500484e-02]]
A9 = [[ 3.02886853e+01  2.71380287e-07  1.90866971e-12 -7.71574698e-16]
 [ 2.71380282e-07  3.85805746e+00  2.30994977e-05  9.05836787e-16]
 [ 1.91062511e-12  2.30994977e-05  8.43107150e-01  1.76066240e-15]
 [-5.70592063e-30  3.81035297e-23 -2.03050203e-17  1.01500484e-02]]
A10 = [[ 3.02886853e+01  3.45673921e-08  5.12281839e-14  7.71574690e-16]
 [ 3.45673874e-08  3.85805746e+00  5.04796829e-06 -9.05847419e-16]
 [ 5.31836121e-14  5.04796829e-06  8.43107150e-01 -1.78071755e-15]
 [ 1.91211239e-33 -1.00245441e-25  2.44449284e-19  1.01500484e-02]]
A11 = [[ 3.02886853e+01  4.40306692e-09 -4.75030655e-16 -7.71574689e-16]
 [ 4.40306224e-09  3.85805746e+00  1.10314017e-06  9.05849750e-16]
 [ 1.48040376e-15  1.10314017e-06  8.43107150e-01  1.78095787e-15]
 [-6.40768428e-37  2.63732743e-28 -2.94289055e-21  1.01500484e-02]]
A12 = [[ 3.02886853e+01  5.60849991e-10 -1.91422766e-15  7.71574689e-16]
 [ 5.60845310e-10  3.85805746e+00  2.41070897e-07 -9.05850259e-16]
 [ 4.12080940e-17  2.41070895e-07  8.43107150e-01 -1.78096052e-15]
 [ 2.14728057e-40 -6.93846616e-31  3.54290454e-23  1.01500484e-02]]
A13 = [[ 3.02886853e+01  7.14430224e-11 -1.95428899e-15 -7.71574689e-16]
 [ 7.14383409e-11  3.85805746e+00  5.26815906e-08  9.05850371e-16]
 [ 1.14705668e-18  5.26815885e-08  8.43107150e-01  1.78096050e-15]
 [-7.19575692e-44  1.82542039e-33 -4.26525295e-25  1.01500484e-02]]
A14 = [[ 3.02886853e+01  9.10422544e-12 -1.95540418e-15  7.71574689e-16]
 [ 9.09954396e-12  3.85805746e+00  1.15125896e-08 -9.05850395e-16]
 [ 3.19291403e-20  1.15125875e-08  8.43107150e-01 -1.78096049e-15]
 [ 2.41137178e-47 -4.80244410e-36  5.13487804e-27  1.01500484e-02]]
A15 = [[ 3.02886853e+01  1.16374676e-12 -1.95543523e-15 -7.71574689e-16]
 [ 1.15906527e-12  3.85805746e+00  2.51586536e-09  9.05850400e-16]
 [ 8.88770384e-22  2.51586321e-09  8.43107150e-01  1.78096048e-15]
 [-8.08075358e-51  1.26346071e-38 -6.18180745e-29  1.01500484e-02]]
A16 = [[ 3.02886853e+01  1.52318809e-13 -1.95543610e-15  7.71574689e-16]
 [ 1.47637323e-13  3.85805746e+00  5.49797558e-10 -9.05850402e-16]
 [ 2.47395572e-23  5.49795404e-10  8.43107150e-01 -1.78096048e-15]
 [ 2.70794321e-54 -3.32400113e-41  7.44219104e-31  1.01500484e-02]]
A17 = [[ 3.02886853e+01  2.34869659e-14 -1.95543613e-15 -7.71574689e-16]
 [ 1.88054803e-14  3.85805746e+00  1.20149778e-10  9.05850402e-16]
 [ 6.88643213e-25  1.20147624e-10  8.43107150e-01  1.78096048e-15]
 [-9.07459481e-58  8.74501552e-44 -8.95954913e-33  1.01500484e-02]]
A18 = [[ 3.02886853e+01  7.07685610e-15 -1.95543613e-15  7.71574689e-16]
 [ 2.39537050e-15  3.85805746e+00  2.62581967e-11 -9.05850402e-16]
 [ 1.91688748e-26  2.62560426e-11  8.43107150e-01 -1.78096048e-15]
 [ 3.04098958e-61 -2.30070007e-46  1.07862752e-34  1.01500484e-02]]
