A1 = [[ 1.59840805e+00  1.66320349e-01  1.13548799e-02 -4.54818053e-04
  -8.84869838e-06 -5.44022417e-08]
 [ 1.66320349e-01  2.60547535e-01  2.36254128e-02 -1.04911260e-03
  -2.14439448e-05 -1.35504474e-07]
 [ 1.13548799e-02  2.36254128e-02  1.85450670e-02 -1.19998768e-03
  -2.88760721e-05 -1.99221206e-07]
 [-4.54818053e-04 -1.04911260e-03 -1.19998768e-03  6.96331767e-04
   2.61304907e-05  2.22201821e-07]
 [-8.84869838e-06 -2.14439448e-05 -2.88760721e-05  2.61304907e-05
   1.35843320e-05  1.90253659e-07]
 [-5.44022417e-08 -1.35504474e-07 -1.99221206e-07  2.22201821e-07
   1.90253659e-07  1.10999433e-07]]
A2 = [[ 1.61843418e+00  2.53138131e-02  1.15923356e-04 -1.74685064e-07
  -6.92698716e-11  3.68250891e-15]
 [ 2.53138131e-02  2.42816556e-01  1.50401521e-03 -2.52694282e-06
  -1.05548735e-09  5.74829900e-14]
 [ 1.15923356e-04  1.50401521e-03  1.63314010e-02 -4.14362343e-05
  -2.06020119e-08  1.23143348e-12]
 [-1.74685064e-07 -2.52694282e-06 -4.14362343e-05  6.15857212e-04
   4.92869482e-07 -3.66246256e-11]
 [-6.92699248e-11 -1.05548736e-09 -2.06020119e-08  4.92869482e-07
   1.25711596e-05 -1.56303557e-09]
 [ 3.66584348e-15  5.74914629e-14  1.23144091e-12 -3.66246226e-11
  -1.56303557e-09  1.08280144e-07]]
A3 = [[ 1.61888942e+00  3.79094383e-03  1.16894258e-06 -6.64527308e-11
  -4.84564372e-16 -1.65372344e-17]
 [ 3.79094383e-03  2.42371266e-01  1.01133643e-04 -6.41113859e-09
  -5.46640995e-14  8.75155744e-18]
 [ 1.16894258e-06  1.01133643e-04  1.63215664e-02 -1.56257641e-06
  -1.58619026e-11 -8.02034964e-19]
 [-6.64526611e-11 -6.41113859e-09 -1.56257641e-06  6.15748509e-04
   1.00609985e-08  6.44293109e-15]
 [-5.37970097e-16 -5.46735115e-14 -1.58619073e-11  1.00609985e-08
   1.25707573e-05  1.34631603e-11]
 [-2.45230115e-22 -2.56524198e-20 -8.16693069e-18  6.43988522e-15
   1.34631603e-11  1.08279948e-07]]
A4 = [[ 1.61889962e+00  5.67535594e-04  1.17851601e-08 -2.53450444e-14
   5.34245654e-17  1.65164422e-17]
 [ 5.67535594e-04  2.42361104e-01  6.81049610e-06 -1.62877917e-11
   6.45317023e-18 -8.81897262e-18]
 [ 1.17851600e-08  6.81049610e-06  1.63215215e-02 -5.89498973e-08
  -1.22120374e-14 -7.36087753e-18]
 [-2.52753550e-14 -1.62877928e-11 -5.89498973e-08  6.15748354e-04
   2.05399415e-10 -4.17902679e-18]
 [-4.17735319e-21 -2.83571662e-18 -1.22167447e-14  2.05399408e-10
   1.25707571e-05 -1.15966753e-13]
 [ 1.64022515e-29  1.14604358e-26  5.41808264e-23 -1.13245995e-18
  -1.15966785e-13  1.08279948e-07]]
A5 = [[ 1.61889985e+00  8.49641457e-05  1.18816385e-10 -7.93023564e-17
   5.34320190e-17 -1.65133500e-17]
 [ 8.49641457e-05  2.42360876e-01  4.58644873e-07 -4.13799808e-14
   9.27014070e-18  8.82496899e-18]
 [ 1.18816340e-10  4.58644873e-07  1.63215213e-02 -2.22395335e-09
  -4.70230882e-18  7.36067280e-18]
 [-9.61347883e-18 -4.13811623e-14 -2.22395334e-09  6.15748354e-04
   4.19332033e-12  3.04679250e-18]
 [-3.24371495e-26 -1.47082657e-22 -9.40927786e-18  4.19331381e-12
   1.25707571e-05  9.98863342e-16]
 [-1.09706297e-36 -5.12019358e-33 -3.59445479e-28  1.99144186e-22
   9.98895883e-16  1.08279948e-07]]
A6 = [[ 1.61889986e+00  1.27197394e-05  1.19793394e-12 -6.96924656e-17
   5.34325059e-17  1.65128868e-17]
 [ 1.27197394e-05  2.42360871e-01  3.08869246e-08 -1.03948865e-16
   9.26749241e-18 -8.82584957e-18]
 [ 1.19788968e-12  3.08869246e-08  1.63215213e-02 -8.39012333e-11
   4.69970370e-18 -7.36065569e-18]
 [-3.65648545e-21 -1.05134060e-16 -8.39012237e-11  6.15748354e-04
   8.56147591e-14 -3.04659439e-18]
 [-2.51874461e-31 -7.62887311e-27 -7.24698049e-21  8.56082344e-14
   1.25707571e-05 -8.57158675e-18]
 [ 7.33769428e-44  2.28755693e-39  2.38462685e-33 -3.50196992e-26
  -8.60412731e-18  1.08279948e-07]]
A7 = [[ 1.61889986e+00  1.90423584e-06  1.21212113e-14 -6.96888009e-17
   5.34325788e-17 -1.65128175e-17]
 [ 1.90423584e-06  2.42360871e-01  2.08004534e-09  9.18634596e-19
   9.26707320e-18  8.82598025e-18]
 [ 1.20769557e-14  2.08004534e-09  1.63215213e-02 -3.16528074e-12
   4.70694388e-18  7.36065455e-18]
 [-1.39074377e-24 -2.67106336e-19 -3.16527114e-12  6.15748354e-04
   1.75425223e-15  3.04659440e-18]
 [-1.95580514e-36 -3.95693870e-31 -5.58158948e-24  1.74772748e-15
   1.25707571e-05  4.15722748e-20]
 [-4.90780918e-51 -1.02201542e-45 -1.58200493e-38  6.15824826e-30
   7.41128360e-20  1.08279948e-07]]
A8 = [[ 1.61889986e+00  2.85077704e-07  1.66013695e-16 -6.96887981e-17
   5.34325897e-17  1.65128071e-17]
 [ 2.85077704e-07  2.42360871e-01  1.40078330e-10  1.18514421e-18
   9.26701039e-18 -8.82599974e-18]
 [ 1.21758174e-16  1.40078323e-10  1.63215213e-02 -1.19423131e-13
   4.70694938e-18 -7.36065447e-18]
 [-5.28969216e-28 -6.78617329e-22 -1.19413531e-13  6.15748354e-04
   4.22053281e-17 -3.04659440e-18]
 [-1.51868266e-41 -2.05238227e-35 -4.29891334e-27  3.56805789e-17
   1.25707571e-05  3.19021801e-20]
 [ 3.28258306e-58  4.56607440e-52  1.04953092e-43 -1.08293396e-33
  -6.38381124e-22  1.08279948e-07]]
A9 = [[ 1.61889986e+00  4.26781683e-08  4.54830713e-17 -6.96887979e-17
   5.34325913e-17 -1.65128055e-17]
 [ 4.26781683e-08  2.42360871e-01  9.43342519e-12  1.18583337e-18
   9.26700098e-18  8.82600265e-18]
 [ 1.22754883e-18  9.43341773e-12  1.63215213e-02 -4.51461392e-15
   4.70694938e-18  7.36065446e-18]
 [-2.01193374e-31 -1.72411290e-24 -4.50501420e-15  6.15748354e-04
   7.25318301e-18  3.04659440e-18]
 [-1.17925706e-46 -1.06452824e-39 -3.31100235e-30  7.28433764e-19
   1.25707571e-05 -3.25350625e-20]
 [-2.19555226e-65 -2.03999226e-58 -6.96277947e-49  1.90434993e-37
   5.49878377e-24  1.08279948e-07]]
A10 = [[ 1.61889986e+00  6.38922664e-09  4.42678987e-17 -6.96887979e-17
   5.34325915e-17  1.65128053e-17]
 [ 6.38922658e-09  2.42360871e-01  6.35290412e-13  1.18583692e-18
   9.26699957e-18 -8.82600309e-18]
 [ 1.23759752e-20  6.35282949e-13  1.63215213e-02 -1.79556617e-16
   4.70694938e-18 -7.36065446e-18]
 [-7.65238739e-35 -4.38032624e-27 -1.69956895e-16  6.15748354e-04
   6.53962053e-18 -3.04659440e-18]
 [-9.15693086e-52 -5.52148781e-44 -2.55011807e-33  1.48712763e-20
   1.25707571e-05  3.25405139e-20]
 [ 1.46849284e-72  9.11410561e-65  4.61923486e-54 -3.34881792e-41
  -4.73645316e-26  1.08279948e-07]]
A11 = [[ 1.61889986e+00  9.56512903e-10  4.42556475e-17 -6.96887979e-17
   5.34325916e-17 -1.65128053e-17]
 [ 9.56512849e-10  2.42360871e-01  4.27898817e-14  1.18583720e-18
   9.26699936e-18  8.82600315e-18]
 [ 1.24772846e-22  4.27824185e-14  1.63215213e-02 -1.60115435e-17
   4.70694938e-18  7.36065446e-18]
 [-2.91058456e-38 -1.11287712e-29 -6.41182131e-18  6.15748354e-04
   6.52505285e-18  3.04659440e-18]
 [-7.11035665e-57 -2.86388154e-48 -1.96408865e-36  3.03603252e-22
   1.25707571e-05 -3.25405608e-20]
 [-9.82199908e-80 -4.07192334e-71 -3.06448463e-59  5.88892895e-45
   4.07980919e-28  1.08279948e-07]]
A12 = [[ 1.61889986e+00  1.43196859e-10  4.42555240e-17 -6.96887979e-17
   5.34325916e-17  1.65128052e-17]
 [ 1.43196805e-10  2.42360871e-01  2.88859722e-15  1.18583724e-18
   9.26699933e-18 -8.82600316e-18]
 [ 1.25794233e-24  2.88113405e-15  1.63215213e-02 -9.84161560e-18
   4.70694938e-18 -7.36065446e-18]
 [-1.10704047e-41 -2.82740466e-32 -2.41893408e-19  6.15748354e-04
   6.52475545e-18 -3.04659440e-18]
 [-5.52119182e-62 -1.48543612e-52 -1.51273162e-39  6.19818586e-24
   1.25707571e-05  3.25405612e-20]
 [ 6.56943385e-87  1.81921961e-77  2.03303498e-64 -1.03557390e-48
  -3.51419985e-30  1.08279948e-07]]
A13 = [[ 1.61889986e+00  2.14376384e-11  4.42555227e-17 -6.96887979e-17
   5.34325916e-17 -1.65128052e-17]
 [ 2.14375843e-11  2.42360871e-01  2.01489917e-16  1.18583725e-18
   9.26699933e-18  8.82600316e-18]
 [ 1.26823982e-26  1.94026745e-16  1.63215213e-02 -9.60884791e-18
   4.70694938e-18  7.36065446e-18]
 [-4.21062700e-45 -7.18337808e-35 -9.12570985e-21  6.15748354e-04
   6.52474938e-18  3.04659440e-18]
 [-4.28720535e-67 -7.70464997e-57 -1.16509861e-42  1.26538526e-25
   1.25707571e-05 -3.25405612e-20]
 [-4.39395899e-94 -8.12775617e-84 -1.34875248e-69  1.82106680e-52
   3.02700446e-32  1.08279948e-07]]
